[-3.54651470e+02  4.50106633e+01  4.54483726e+00  8.54096411e+00
  8.04552161e+00  8.00381976e+00  7.91628079e+00  7.83337231e+00
  7.74999606e+00  7.66666706e+00  7.58333329e+00  7.50000000e+00
  7.41666667e+00  7.33333333e+00  7.25000000e+00  7.16666667e+00
  7.08333333e+00  7.00000000e+00  6.91666667e+00  6.83333333e+00
  6.75000000e+00  6.66666667e+00  6.58333333e+00  6.50000000e+00
  6.41666667e+00  6.33333333e+00  6.25000000e+00  6.16666667e+00
  6.08333333e+00  6.00000000e+00  5.91666667e+00  5.83333333e+00
  5.75000000e+00  5.66666667e+00  5.58333333e+00  5.50000000e+00
  5.41666667e+00  5.33333333e+00  5.25000000e+00  5.16666667e+00
  5.08333333e+00  5.00000000e+00  4.91666667e+00  4.83333333e+00
  4.75000000e+00  4.66666667e+00  4.58333333e+00  4.50000000e+00
  4.41666667e+00  4.33333333e+00  4.25000000e+00  4.16666667e+00
  4.08333333e+00  4.00000000e+00  3.91666667e+00  3.83333333e+00
  3.75000000e+00  3.66666667e+00  3.58333333e+00  3.50000000e+00
  3.41666667e+00  3.33333333e+00  3.25000000e+00  3.16666667e+00
  3.08333333e+00  3.00000000e+00  2.91666667e+00  2.83333333e+00
  2.75000000e+00  2.66666667e+00  2.58333333e+00  2.50000000e+00
  2.41666667e+00  2.33333333e+00  2.25000000e+00  2.16666667e+00
  2.08333333e+00  2.00000000e+00  1.91666667e+00  1.83333333e+00
  1.75000000e+00  1.66666667e+00  1.58333333e+00  1.50000000e+00
  1.41666667e+00  1.33333333e+00  1.25000000e+00  1.16666667e+00
  1.08333333e+00  1.00000000e+00  9.16666666e-01  8.33333340e-01
  7.49999930e-01  6.66667356e-01  5.83326507e-01  5.00067578e-01
  4.15997713e-01  3.39955287e-01  1.84449413e-01  8.15550587e-01]